Date,High,Low,Open,Close,Volume,Adj Close
2021-02-01,153.75999450683594,149.42999267578125,153.32000732421875,153.05999755859375,381700.0,152.5282745361328
2021-02-02,157.19000244140625,152.60000610351562,154.9499969482422,155.99000549316406,456000.0,155.44808959960938
2021-02-03,167.9499969482422,159.1699981689453,160.0,166.41000366210938,925500.0,165.83189392089844
2021-02-04,169.94000244140625,162.47999572753906,166.19000244140625,169.75999450683594,730400.0,169.1702423095703
2021-02-05,173.1699981689453,169.63999938964844,171.6199951171875,173.08999633789062,667900.0,172.48867797851562
2021-02-08,175.5800018310547,170.77999877929688,172.8300018310547,174.88999938964844,531400.0,174.2824249267578
2021-02-09,174.83999633789062,171.5,174.44000244140625,172.5399932861328,491100.0,171.94058227539062
2021-02-10,176.3800048828125,172.7899932861328,174.52999877929688,174.6300048828125,511400.0,174.02334594726562
2021-02-11,174.5800018310547,170.52999877929688,174.1699981689453,173.36000061035156,434300.0,172.75775146484375
2021-02-12,177.35000610351562,172.35000610351562,172.4499969482422,177.22999572753906,252600.0,176.6143035888672
2021-02-16,179.30999755859375,177.1300048828125,177.82000732421875,179.11000061035156,465100.0,178.48777770996094
2021-02-17,178.97999572753906,175.10000610351562,178.0399932861328,175.47999572753906,345900.0,174.87037658691406
2021-02-18,175.57000732421875,171.69000244140625,174.39999389648438,172.57000732421875,398800.0,171.9705047607422
2021-02-19,176.8000030517578,173.4199981689453,173.4199981689453,175.41000366210938,616000.0,174.80062866210938
2021-02-22,173.85000610351562,171.35000610351562,173.74000549316406,172.30999755859375,577300.0,171.71139526367188
2021-02-23,176.39999389648438,168.8800048828125,171.88999938964844,175.74000549316406,601000.0,175.12948608398438
2021-02-24,181.38999938964844,173.75,175.7899932861328,180.52000427246094,1277100.0,179.89288330078125
2021-02-25,181.57000732421875,177.88999938964844,179.5399932861328,178.9199981689453,631700.0,178.29843139648438
2021-02-26,179.69000244140625,175.2100067138672,177.80999755859375,175.2100067138672,701900.0,174.60133361816406
2021-03-01,181.6999969482422,176.6999969482422,176.6999969482422,178.47000122070312,513400.0,177.84999084472656
2021-03-02,178.85000610351562,174.74000549316406,177.4499969482422,177.00999450683594,540500.0,177.00999450683594
2021-03-03,180.2100067138672,176.75,177.6999969482422,178.4199981689453,595100.0,178.4199981689453
2021-03-04,178.83999633789062,168.47000122070312,178.14999389648438,172.19000244140625,457900.0,172.19000244140625
2021-03-05,177.9600067138672,168.72000122070312,174.92999267578125,177.27000427246094,592500.0,177.27000427246094
2021-03-08,185.82000732421875,176.83999633789062,177.63999938964844,183.0399932861328,865600.0,183.0399932861328
2021-03-09,186.77000427246094,182.1699981689453,183.0800018310547,182.27000427246094,637200.0,182.27000427246094
2021-03-10,183.64999389648438,180.08999633789062,182.5,180.25,596100.0,180.25
2021-03-11,181.47000122070312,177.3000030517578,181.47000122070312,179.27999877929688,698700.0,179.27999877929688
2021-03-12,181.49000549316406,179.19000244140625,180.77999877929688,180.7899932861328,373200.0,180.7899932861328
2021-03-15,184.32000732421875,179.6999969482422,180.3800048828125,184.00999450683594,420700.0,184.00999450683594
2021-03-16,185.9199981689453,180.5,184.94000244140625,180.52999877929688,538800.0,180.52999877929688
2021-03-17,182.08999633789062,179.0,179.8699951171875,181.1300048828125,362700.0,181.1300048828125
2021-03-18,182.66000366210938,180.0500030517578,180.77999877929688,181.57000732421875,603800.0,181.57000732421875
2021-03-19,181.82000732421875,177.52000427246094,180.39999389648438,179.50999450683594,1330600.0,179.50999450683594
2021-03-22,181.38999938964844,176.97000122070312,178.07000732421875,180.42999267578125,356700.0,180.42999267578125
2021-03-23,181.32000732421875,175.8300018310547,179.63999938964844,176.80999755859375,428600.0,176.80999755859375
2021-03-24,180.1300048828125,176.69000244140625,177.86000061035156,177.10000610351562,401000.0,177.10000610351562
2021-03-25,181.8699951171875,174.63999938964844,177.52999877929688,181.58999633789062,535300.0,181.58999633789062
2021-03-26,183.77000427246094,180.60000610351562,182.0500030517578,183.63999938964844,306100.0,183.63999938964844
2021-03-29,185.22999572753906,182.08999633789062,182.19000244140625,182.49000549316406,582300.0,182.49000549316406
2021-03-30,185.47000122070312,182.1999969482422,182.52999877929688,185.17999267578125,397400.0,185.17999267578125
